R. 6-3
Ограничение времени	2 секунды
Ограничение памяти	100Mb
Ввод	стандартный ввод или input.txt
Вывод	стандартный вывод или output.txt
Требуется разработать программу, осуществляющую ввод пар «ключ-значение», их упорядочивание по возрастанию ключа указанным алгоритмом сортировки за линейное время и вывод отсортированной последовательности.
Вариант задания определяется типом ключа (и соответствующим ему методом сортировки) и типом значения:
Поразрядная сортировка.

Тип ключа: телефонные номера, с кодами стран и городов в формате +<код страны> <код города> телефон.

Тип значения: числа от 0 до 2^64 - 1.

Ввод	
+7-495-1123212	13207862122685464576
+375-123-1234567	7670388314707853312
+7-495-1123212	4588010303972900864
+375-123-1234567	12992997081104908288

Вывод
+7-495-1123212	13207862122685464576
+7-495-1123212	4588010303972900864
+375-123-1234567	7670388314707853312
+375-123-1234567	12992997081104908288
